55.67
55.77
55.76
55.86
55.62
55.71
55.95
55.83
55.84
55.81
55.63
55.61
55.67
55.76
55.66
55.33
55.29
54.94
55.11
46.15
46.28
46.28
46.44
46.38
46.24
46.03
46.13
46.23
47.12
47.22
47.44
33.53
33.57
33.61
33.88
33.85
33.73
33.64
33.47
33.49
33.43
33.54
33.39
33.39
33.44
33.47
33.33
33.05
43.13
43.18
43.09
42.88
55.67
55.77
55.76
55.86
55.62
55.71
55.95
55.83
55.84
55.81
55.67
55.77
55.76
55.86
55.62
55.71
55.95
55.83
55.84
55.67
55.77
55.76
55.86
55.62
55.71
55.95
55.83
55.67
55.77
55.76
55.86
55.62
55.71
55.95
55.83
55.84
55.67
55.77
55.76
55.86
55.62
55.71
55.95
55.83
55.84
55.81
55.63
55.61
55.67
55.76
55.66
55.33
55.29
54.94
55.11
46.15
55.67
55.77
55.76
55.86
55.62
55.71
55.95
55.83
55.84
55.81
55.63
55.61
55.67
55.76
55.66
55.33
55.29
54.94
55.11
46.15
46.28
46.28
46.44
46.38
46.24
46.03
46.13
46.23
47.12
47.22
47.44
33.53
33.57
33.61
33.88
55.67
55.77
55.76
55.86
55.62
55.71
55.95
55.83
55.84
55.81
55.63
55.61
55.67
55.76
55.66
55.33
55.29
54.94
55.11
46.15
46.28
46.28
46.44
46.38
46.24
46.03
46.13
46.23
47.12
47.22
47.44
33.53
33.57
33.61
33.88
33.85
33.73
33.64
33.47
33.49
33.43
33.54
33.39
33.39
33.44
33.47
33.33
33.05
43.13
43.18
43.09
42.88
43.03
43.09
43.03
36.81
36.85
37.07
37.08
37.17
36.92
36.98
36.80
36.91
40.55
40.65
40.64
40.69
40.62
40.71
40.77
40.53
40.19
40.33
40.11
40.10
40.05
40.04
39.90
39.91
40.01
39.95
38.16
38.23
41.94
42.27
42.27
42.41
42.75
42.62
32.85
32.93
33.04
32.91
32.86
32.69
32.72
55.67
55.77
55.76
55.86
55.62
55.71
55.95
55.83
55.84
55.81
55.63
55.61
55.67
55.76
55.66
55.33
55.29
54.94
55.11
46.15
46.28
46.28
46.44
46.38
46.24
46.03
46.13
46.23
55.67
55.77
55.76
55.86
55.62
55.71
55.95
55.83
55.84
55.81
55.63
55.61
55.67
55.76
55.66
55.67
55.77
55.76
55.86
55.62
55.71
55.95
55.83
55.84
55.81
55.63
55.61
55.67
55.76
55.66
55.33
55.29
54.94
55.11
